1111111111111111111111111111111111
10000000000000000000111111111141131
10200000000000000110000001111171101
10001111011111110110111101111101101
11111111010000000110111101111101171
11111111016111111110111101111101101
13000000010111111110111100001101101
11011111110111111110100001101101101
11011111110111111110111101101101101
11000000030000000000011111101100001
1111111111311111011111111110111011
1111111111011111011110000010101011
1111111111011000011110111010101011
1111111111000011111110111010101011
1500000000011000000000111010101011
1111111111011000000000111010101011
1111111111011111111111111010101011
1111111111011111000000000000001011
1111111111011111101111111011111011
1111111111011111101111111011101011
1111111111011111101111111000001011
1111111111011111101111111111111011
1111111111111111100000000000000011
1111111111111111111111111111111111
