11111111111111111111111111111111111111
10000111111111110000111111111131103001
10200006600000000110000001147001101011
10000000011111110110111101111101101011
11111011010000000110110001111101161011
111110110101111011101101011111011010111111
130000000101111011101101000011011010000001
110111111161111011101000011011000011111101
110111111101111311101131011011111011111101
110000000070000000000001111011000000000001
111111111111111101111111111110031111101111
111111111131111101111000001010101111101
111111111101100001111011101010101111101
111111111100001111111011101010101100001
100000000001100000000011101010001101111
1011110111011000000000111010101011011
1011110111011111111111111110101011011
1011110111000000000000001000000011011
1011110111011111131111101011111311011
1115110111010001101111101011100011011
1110000111011011101111101000001011011
1111111111000000001111101111111011011
1111111111111111100060000000000011051
1111111111111111111111111111111111111
