1111111111111111111111111111111111111111111111111111111111
1333333333333333333333333333333333333333333333333333333331
1000000000000000000000000000000000000000000000000000000001
1333333333333333333333333333333333333333333333333333333331
1000000000000000000000000000000000000000000000000000000001
1333333333333333333333333333333333333333333333333333333331
1000000000000000000000000000000000000000000000000000000001
1333333333333333333333333333333333333333333333333333333331
1000000000000000000000000000000000000000000000000000000001
1333333333333333333333333333333333333333333333333333333331
1000000000000000000000000000000000000000000000000000000001
1333333333333333333333333333333333333333333333333333333331
1000000000000000000000000000000000000000000000000000000001
1333333333333333333333333333333333333333333333333333333331
1000000000000000000000000000000000000000000000000000000001
1333333333333333333333333333333333333333333333333333333331
1000000000000000000000000000000000000000000000000000000001
1333333333333333333333333333333333333333333333333333333331
1000000000000000000000000000000000000000000000000000000001
1333333333333333333333333333333333333333333333333333333331
1000000000000000000000000000000000000000000000000000000001
1333333333333333333333333333333333333333333333333333333331
1000000000000000000000000000000000000000000000000000000001
1333333333333333333333333333333333333333333333333333333331
1000000000000000000000000000000000000000000000000000000001
1111111111111111111111111111111111111111111111111111111111
