11111111111111111111111111111111111111
10001111111111110000111111111131143001
10200000000000000110000001111101171011
10001011111111110110111101111101101011
11111011510000000110111101111101161011
111110110101111011101111011111011010111111
130000000101111011101111030011011010000001
110111111161111011101000011011011011111101
110111111101111311101111011011011011111101
110000000000000000000001111011000000000001
111111111131111101111111111011161111101111
111111111101111101111000001010101111101
111111111101100001111011101010101111101
111111111100001111111011101010101100001
100000000001100000000011101010101101111
1111111111011000000000111010101011011
1111111111011111111111111110101011011
1111111111011000000000000000000011011
1111111111011011131111111011111311011
1111111111011011101111111011101011011
1111111111011011101111111000001011011
1111111111000000001111111111111011011
1111111111111111100060000000000011051
1111111111111111111111111111111111111
